% Model accuracy report for fitting ordered by
% fit_input.in.
% Written on Thu Mar  2 12:29:40 2017

% System topology/fit.prmtop
data0 = [
% Target  Original    Model     Error
  -5.0235   -2.8356   -2.6030   -2.4205   % all.nc, Frame 1
  -3.7606   -1.7639   -1.8840   -1.8765   % all.nc, Frame 2
  -1.5036   -0.0749   -0.3231   -1.1806   % all.nc, Frame 3
   1.6309    2.6387    2.5107   -0.8798   % all.nc, Frame 4
  -3.3920   -7.6946   -6.4150    3.0231   % all.nc, Frame 5
   5.8735    6.3448    6.4343   -0.5608   % all.nc, Frame 6
  11.4668    9.4466    9.6411    1.8256   % all.nc, Frame 7
   7.5384    9.0292    9.1191   -1.5807   % all.nc, Frame 8
  -2.1722    1.9769    0.9795   -3.1516   % all.nc, Frame 9
  -2.5609    0.8176   -0.5319   -2.0290   % all.nc, Frame 10
  -3.1084   -0.4814   -1.9578   -1.1506   % all.nc, Frame 11
  -3.5190   -1.4671   -2.8213   -0.6977   % all.nc, Frame 12
  -5.7640   -0.9071   -0.8559   -4.9081   % all.nc, Frame 13
  -3.7170   -2.1646   -3.3024   -0.4146   % all.nc, Frame 14
  -4.0422   -2.1920   -3.2286   -0.8136   % all.nc, Frame 15
  -4.6611   -2.0564   -3.1995   -1.4616   % all.nc, Frame 16
  -5.0361   -2.2263   -3.5837   -1.4524   % all.nc, Frame 17
  -5.1853   -2.5746   -4.0514   -1.1339   % all.nc, Frame 18
  -5.1999   -2.9184   -4.2689   -0.9310   % all.nc, Frame 19
  -5.3309   -3.5262   -4.5225   -0.8084   % all.nc, Frame 20
  -6.2264   -3.9507   -4.5303   -1.6961   % all.nc, Frame 21
  -7.3285   -4.5264   -4.7915   -2.5369   % all.nc, Frame 22
  -7.7647   -5.6550   -5.7592   -2.0055   % all.nc, Frame 23
  -4.5293    1.9055    1.9046   -6.4339   % all.nc, Frame 24
  -7.6039   -5.8261   -5.8704   -1.7335   % all.nc, Frame 25
  -7.2316   -5.6152   -5.6128   -1.6188   % all.nc, Frame 26
  -6.9035   -4.8305   -4.7823   -2.1212   % all.nc, Frame 27
  -2.9222    4.2330    4.1909   -7.1132   % all.nc, Frame 28
  -1.3858    4.5665    4.4601   -5.8459   % all.nc, Frame 29
  -1.3713    3.7805    3.5146   -4.8859   % all.nc, Frame 30
  -1.8775    3.1777    2.5959   -4.4734   % all.nc, Frame 31
  -5.1591   -0.2894   -0.7478   -4.4112   % all.nc, Frame 32
  -2.1306    2.5750    1.0471   -3.1777   % all.nc, Frame 33
  -2.6371    1.2644   -0.6162   -2.0209   % all.nc, Frame 34
  -3.3860    0.2715   -1.7368   -1.6492   % all.nc, Frame 35
  -4.0034   -0.3953   -2.2835   -1.7199   % all.nc, Frame 36
  -4.0903    2.3022    1.8209   -5.9113   % all.nc, Frame 37
  -4.2639   -0.9459   -2.6164   -1.6475   % all.nc, Frame 38
  -4.3169   -1.0678   -2.6328   -1.6841   % all.nc, Frame 39
  -4.6134   -0.9232   -2.5946   -2.0187   % all.nc, Frame 40
  -4.8055   -1.1258   -3.0138   -1.7917   % all.nc, Frame 41
  -4.8171   -1.1840   -3.1925   -1.6245   % all.nc, Frame 42
  -4.6555   -1.2020   -3.0825   -1.5730   % all.nc, Frame 43
  -4.3953   -1.2567   -2.7840   -1.6112   % all.nc, Frame 44
  -4.3043   -1.7787   -2.8892   -1.4151   % all.nc, Frame 45
  -4.6628   -2.0481   -2.8448   -1.8180   % all.nc, Frame 46
  -5.0781   -2.6198   -3.2539   -1.8242   % all.nc, Frame 47
  -2.5913    5.0965    4.5667   -7.1580   % all.nc, Frame 48
  -5.5099   -2.8045   -3.3766   -2.1333   % all.nc, Frame 49
  -5.8076   -2.4968   -3.0257   -2.7819   % all.nc, Frame 50
  -5.7264   -1.8206   -2.3020   -3.4244   % all.nc, Frame 51
  -0.8445    6.9522    6.3780   -7.2225   % all.nc, Frame 52
  -0.7499    5.8843    5.2486   -5.9985   % all.nc, Frame 53
  -1.4662    4.9585    4.1622   -5.6285   % all.nc, Frame 54
  -1.8477    3.9072    2.7974   -4.6451   % all.nc, Frame 55
  -4.2667    1.4093    0.8103   -5.0770   % all.nc, Frame 56
  -2.8393    1.5243   -0.1449   -2.6945   % all.nc, Frame 57
  -3.7980    0.7681   -1.2539   -2.5441   % all.nc, Frame 58
  -4.9225   -0.0376   -2.1872   -2.7353   % all.nc, Frame 59
  -5.7206   -0.9763   -3.0053   -2.7153   % all.nc, Frame 60
  -2.9525    4.3337    3.7115   -6.6640   % all.nc, Frame 61
  -5.9099   -1.7794   -3.5915   -2.3183   % all.nc, Frame 62
  -5.6025   -1.9071   -3.6140   -1.9884   % all.nc, Frame 63
  -5.3722   -1.3593   -3.1713   -2.2009   % all.nc, Frame 64
  -5.2650   -1.3177   -3.3468   -1.9182   % all.nc, Frame 65
  -5.0563   -1.2556   -3.4050   -1.6513   % all.nc, Frame 66
  -4.7243   -1.0130   -3.0345   -1.6898   % all.nc, Frame 67
  -4.2462   -0.7577   -2.4261   -1.8201   % all.nc, Frame 68
  -3.7350   -0.8778   -2.1295   -1.6055   % all.nc, Frame 69
  -3.5411   -1.2253   -2.1621   -1.3790   % all.nc, Frame 70
  -4.0313   -1.4931   -2.2693   -1.7620   % all.nc, Frame 71
  -1.2087    7.2461    6.5760   -7.7848   % all.nc, Frame 72
  -4.8080   -1.6181   -2.3319   -2.4761   % all.nc, Frame 73
  -5.2659   -1.4702   -2.1401   -3.1257   % all.nc, Frame 74
  -5.0722   -0.5955   -1.2176   -3.8546   % all.nc, Frame 75
  -1.1496    6.2840    5.5700   -6.7196   % all.nc, Frame 76
  -1.8267    4.6213    3.8451   -5.6718   % all.nc, Frame 77
  -2.1739    3.6836    2.7469   -4.9208   % all.nc, Frame 78
  -2.4091    2.7186    1.4658   -3.8749   % all.nc, Frame 79
  -4.0181    1.5110    1.0914   -5.1095   % all.nc, Frame 80
  -4.8446   -0.1422   -1.6312   -3.2134   % all.nc, Frame 81
  -6.0470   -1.3992   -3.2417   -2.8053   % all.nc, Frame 82
  -7.2312   -2.9348   -4.9044   -2.3269   % all.nc, Frame 83
  -7.9730   -4.1923   -6.0427   -1.9304   % all.nc, Frame 84
  -2.4400    4.8850    4.4419   -6.8819   % all.nc, Frame 85
  -7.9945   -4.9619   -6.5952   -1.3993   % all.nc, Frame 86
  -7.4191   -4.8089   -6.3351   -1.0840   % all.nc, Frame 87
  -6.7791   -3.4975   -5.1296   -1.6495   % all.nc, Frame 88
  -6.3122   -2.8168   -4.6667   -1.6455   % all.nc, Frame 89
  -5.8513   -2.4872   -4.4572   -1.3941   % all.nc, Frame 90
  -5.3166   -2.0688   -3.9110   -1.4055   % all.nc, Frame 91
  -4.6892   -1.6102   -3.0996   -1.5896   % all.nc, Frame 92
  -3.9876   -1.6876   -2.7582   -1.2295   % all.nc, Frame 93
  -3.6570   -1.9788   -2.7361   -0.9208   % all.nc, Frame 94
  -4.2207   -2.3718   -2.9681   -1.2527   % all.nc, Frame 95
  -2.7746    5.0006    4.5103   -7.2849   % all.nc, Frame 96
  -5.0590   -2.6872   -3.2217   -1.8373   % all.nc, Frame 97
  -5.4487   -2.3970   -2.8882   -2.5605   % all.nc, Frame 98
  -5.0654   -0.9960   -1.4381   -3.6272   % all.nc, Frame 99
  -3.3028    2.6753    2.1406   -5.4433   % all.nc, Frame 100
  -3.3702    1.2508    0.6536   -4.0238   % all.nc, Frame 101
  -3.4708    0.6661   -0.0914   -3.3794   % all.nc, Frame 102
  -3.8838    0.2295   -0.8436   -3.0402   % all.nc, Frame 103
  -4.1266   -9.5952   -8.1447    4.0181   % all.nc, Frame 104
  -2.4109   -1.5025   -1.1210   -1.2899   % all.nc, Frame 105
  -0.0202    0.0930    0.1170   -0.1372   % all.nc, Frame 106
   2.8108    2.6153    2.5125    0.2982   % all.nc, Frame 107
   6.2860    5.7080    5.7274    0.5586   % all.nc, Frame 108
  -3.7336   -8.1936   -6.7689    3.0353   % all.nc, Frame 109
   8.6051    6.9381    7.1744    1.4307   % all.nc, Frame 110
   5.4721    6.3973    6.7382   -1.2661   % all.nc, Frame 111
   1.7805    4.5586    4.7942   -3.0137   % all.nc, Frame 112
  -1.3427    1.6934    1.7124   -3.0551   % all.nc, Frame 113
  -3.6561   -0.6673   -0.7698   -2.8863   % all.nc, Frame 114
  -4.9831   -2.4238   -2.3977   -2.5854   % all.nc, Frame 115
  -4.9380   -4.4407   -4.0622   -0.8758   % all.nc, Frame 116
  -3.9911   -6.1130   -5.3159    1.3248   % all.nc, Frame 117
  -3.3452   -6.4915   -5.3805    2.0353   % all.nc, Frame 118
  -3.7900   -7.5376   -6.2671    2.4771   % all.nc, Frame 119
  -3.2260   -6.6426   -5.2636    2.0376   % all.nc, Frame 120
  -4.3491   -8.6682   -7.3337    2.9846   % all.nc, Frame 121
  -4.5510   -9.7353   -8.3562    3.8052   % all.nc, Frame 122
  -2.9799   -5.5281   -4.1938    1.2139   % all.nc, Frame 123
  -4.6387   -6.3502   -5.0793    0.4406   % all.nc, Frame 124
  -5.0855   -4.6699   -3.5593   -1.5262   % all.nc, Frame 125
  -4.1860   -2.7112   -1.9163   -2.2697   % all.nc, Frame 126
  -4.3349    0.6940    0.5462   -4.8811   % all.nc, Frame 127
