% Model accuracy report for fitting ordered by
% fit_input.in.
% Written on Wed Mar  1 16:07:16 2017

% System topology/fit.prmtop
data0 = [
% Target  Original    Model     Error
  -2.5481   -8.5337  -10.1889    7.6408   % all_structures.nc, Frame 1
  -3.9259   -7.6075   -9.2795    5.3535   % all_structures.nc, Frame 2
  -2.2419   -6.3368   -8.1194    5.8776   % all_structures.nc, Frame 3
   0.2665   -5.3853   -7.4884    7.7550   % all_structures.nc, Frame 4
   3.5550   -4.7643   -7.4344   10.9893   % all_structures.nc, Frame 5
  -2.2478   -5.2744   -8.6312    6.3834   % all_structures.nc, Frame 6
   7.6073   -4.4383   -8.3593   15.9666   % all_structures.nc, Frame 7
  11.8889   -3.1895   -7.3343   19.2232   % all_structures.nc, Frame 8
   9.0161   -2.0622   -6.0270   15.0431   % all_structures.nc, Frame 9
   5.6335   -0.2547   -3.7500    9.3835   % all_structures.nc, Frame 10
   2.5457    2.7968   -0.1529    2.6986   % all_structures.nc, Frame 11
  -0.0600    6.6351    4.1005   -4.1605   % all_structures.nc, Frame 12
  -2.0484   10.3586    7.9768  -10.0252   % all_structures.nc, Frame 13
  -3.2602    9.6620    7.1274  -10.3876   % all_structures.nc, Frame 14
  -3.5633    6.6044    3.6547   -7.2180   % all_structures.nc, Frame 15
  -3.2486    3.3212   -0.1741   -3.0745   % all_structures.nc, Frame 16
  -2.0567    0.8982   -3.0666    1.0099   % all_structures.nc, Frame 17
  -3.1835   -1.0014   -5.1461    1.9626   % all_structures.nc, Frame 18
  -3.0820   -3.2656   -7.1866    4.1046   % all_structures.nc, Frame 19
  -2.8482   -5.3309   -8.6877    5.8395   % all_structures.nc, Frame 20
  -2.1353   -6.1218   -8.7918    6.6566   % all_structures.nc, Frame 21
  -2.1713   -6.8146   -8.9178    6.7465   % all_structures.nc, Frame 22
  -4.0781   -7.8391   -9.6216    5.5436   % all_structures.nc, Frame 23
  -4.5644   -8.5842  -10.2562    5.6918   % all_structures.nc, Frame 24
  -7.1204   -9.3979  -10.3144    3.1940   % all_structures.nc, Frame 25
  -3.0463   -8.2728   -9.2061    6.1597   % all_structures.nc, Frame 26
  -3.5784   -6.8719   -7.9159    4.3374   % all_structures.nc, Frame 27
  -4.3152   -6.3084   -7.6729    3.3576   % all_structures.nc, Frame 28
  -5.0247   -6.2962   -8.2276    3.2028   % all_structures.nc, Frame 29
  -6.4812   -4.7518   -7.3699    0.8888   % all_structures.nc, Frame 30
  -5.4833   -3.1603   -6.3425    0.8592   % all_structures.nc, Frame 31
  -5.8041   -1.8077   -5.2138   -0.5903   % all_structures.nc, Frame 32
  -6.1802   -0.0645   -3.2906   -2.8896   % all_structures.nc, Frame 33
  -6.3832    2.6029   -0.1537   -6.2295   % all_structures.nc, Frame 34
  -6.3392    5.8759    3.6649  -10.0040   % all_structures.nc, Frame 35
  -6.1855    7.1585    5.3626  -11.5480   % all_structures.nc, Frame 36
  -6.2309    6.8591    5.2160  -11.4469   % all_structures.nc, Frame 37
  -6.9187    4.9261    3.1303  -10.0490   % all_structures.nc, Frame 38
  -7.8189    1.9633   -0.2477   -7.5712   % all_structures.nc, Frame 39
  -8.1720   -0.4418   -3.1983   -4.9737   % all_structures.nc, Frame 40
  -5.4231   -2.1986   -5.4247    0.0015   % all_structures.nc, Frame 41
  -8.1206   -4.1602   -7.5662   -0.5544   % all_structures.nc, Frame 42
  -7.8063   -6.0255   -9.2077    1.4014   % all_structures.nc, Frame 43
  -7.4782   -7.1517   -9.7698    2.2916   % all_structures.nc, Frame 44
  -3.9743   -7.9715   -9.9029    5.9286   % all_structures.nc, Frame 45
  -2.5451   -8.9619  -10.3264    7.7812   % all_structures.nc, Frame 46
  -2.4212   -9.8613  -10.9052    8.4840   % all_structures.nc, Frame 47
  -2.7431  -10.1642  -11.0974    8.3543   % all_structures.nc, Frame 48
  -5.9457  -11.3839  -10.3075    4.3618   % all_structures.nc, Frame 49
  -2.8136   -9.8948   -8.8353    6.0217   % all_structures.nc, Frame 50
  -3.3805   -8.6757   -7.7269    4.3464   % all_structures.nc, Frame 51
  -4.2289   -8.7578   -8.1295    3.9006   % all_structures.nc, Frame 52
  -4.6059   -6.6685   -6.6071    2.0012   % all_structures.nc, Frame 53
  -4.9394   -4.3974   -5.0227    0.0833   % all_structures.nc, Frame 54
  -5.5094   -2.7284   -3.9179   -1.5915   % all_structures.nc, Frame 55
  -5.4085   -1.0027   -2.4160   -2.9925   % all_structures.nc, Frame 56
  -5.8592    1.1645   -0.0688   -5.7904   % all_structures.nc, Frame 57
  -5.9860    2.7865    2.0228   -8.0088   % all_structures.nc, Frame 58
  -5.8590    4.4316    4.2135  -10.0725   % all_structures.nc, Frame 59
  -5.5553    3.5885    3.7854   -9.3408   % all_structures.nc, Frame 60
  -5.2638    1.8441    2.1937   -7.4575   % all_structures.nc, Frame 61
  -5.2887   -0.2277   -0.0308   -5.2579   % all_structures.nc, Frame 62
  -5.7362   -2.4408   -2.6590   -3.0772   % all_structures.nc, Frame 63
  -6.1400   -4.0975   -4.8613   -1.2787   % all_structures.nc, Frame 64
  -3.5267   -5.7589   -6.9922    3.4656   % all_structures.nc, Frame 65
  -6.4264   -7.5749   -8.9883    2.5618   % all_structures.nc, Frame 66
  -6.6205   -9.0270  -10.2165    3.5960   % all_structures.nc, Frame 67
  -6.4968  -10.2669  -10.8922    4.3954   % all_structures.nc, Frame 68
  -1.9163  -11.4217  -11.3603    9.4441   % all_structures.nc, Frame 69
  -1.5979  -12.3317  -11.7033   10.1054   % all_structures.nc, Frame 70
  -2.2764  -12.7417  -11.7928    9.5164   % all_structures.nc, Frame 71
  -2.5388  -12.4023  -11.3428    8.8040   % all_structures.nc, Frame 72
  -5.1853  -12.8250   -9.1925    4.0073   % all_structures.nc, Frame 73
  -3.1288  -11.3617   -7.7460    4.6172   % all_structures.nc, Frame 74
  -4.0416  -11.1101   -7.6051    3.5635   % all_structures.nc, Frame 75
  -5.2999   -9.2095   -6.0249    0.7250   % all_structures.nc, Frame 76
  -6.3179   -6.2820   -3.6644   -2.6535   % all_structures.nc, Frame 77
  -3.8105   -4.2587   -2.3279   -1.4827   % all_structures.nc, Frame 78
  -6.7400   -2.9201   -1.5534   -5.1866   % all_structures.nc, Frame 79
  -6.6115   -1.9725   -0.8296   -5.7819   % all_structures.nc, Frame 80
  -6.3306    0.2427    1.5656   -7.8961   % all_structures.nc, Frame 81
  -6.1979    1.0440    2.8364   -9.0343   % all_structures.nc, Frame 82
  -5.9239    0.4653    2.8033   -8.7272   % all_structures.nc, Frame 83
  -5.4920   -1.2852    1.4679   -6.9598   % all_structures.nc, Frame 84
  -4.4227   -3.0834   -0.1775   -4.2451   % all_structures.nc, Frame 85
  -4.6345   -4.6775   -1.9244   -2.7102   % all_structures.nc, Frame 86
  -4.8017   -6.1553   -3.8173   -0.9844   % all_structures.nc, Frame 87
  -5.3371   -7.4088   -5.6164    0.2792   % all_structures.nc, Frame 88
  -2.0427   -8.7390   -7.4161    5.3734   % all_structures.nc, Frame 89
  -5.7851  -10.1880   -9.0451    3.2600   % all_structures.nc, Frame 90
  -6.2512  -11.7617  -10.3950    4.1438   % all_structures.nc, Frame 91
  -6.0202  -13.3914  -11.4606    5.4404   % all_structures.nc, Frame 92
  -1.3391  -14.6922  -12.0746   10.7355   % all_structures.nc, Frame 93
  -2.3297  -15.2020  -12.0174    9.6877   % all_structures.nc, Frame 94
  -2.7150  -14.9186  -11.4135    8.6985   % all_structures.nc, Frame 95
  -2.8142  -14.1298  -10.5141    7.6999   % all_structures.nc, Frame 96
  -3.1646  -13.1093   -7.4205    4.2559   % all_structures.nc, Frame 97
  -1.4246  -12.1420   -6.4701    5.0455   % all_structures.nc, Frame 98
   1.2375  -10.6340   -5.0727    6.3102   % all_structures.nc, Frame 99
   4.2249   -7.5191   -2.2783    6.5032   % all_structures.nc, Frame 100
   7.6127   -4.8072   -0.1333    7.7460   % all_structures.nc, Frame 101
  -2.9533   -3.2379    0.7492   -3.7026   % all_structures.nc, Frame 102
   9.1044   -3.6769   -0.2539    9.3583   % all_structures.nc, Frame 103
   6.7517   -1.7476    1.4515    5.3003   % all_structures.nc, Frame 104
   3.5402   -1.1121    2.2670    1.2732   % all_structures.nc, Frame 105
   0.4724   -1.6154    2.2332   -1.7608   % all_structures.nc, Frame 106
  -1.9677   -2.9625    1.4317   -3.3995   % all_structures.nc, Frame 107
  -3.5640   -4.6816    0.1276   -3.6916   % all_structures.nc, Frame 108
