% Model accuracy report for fitting ordered by
% fit_input.in.
% Written on Wed Mar  1 15:30:21 2017

% System fit.prmtop
data0 = [
% Target  Original    Model     Error
  82.3850   82.3851   82.3851   -0.0000   % all_structures.nc, Frame 1
  22.8822   22.8822   22.8821    0.0001   % all_structures.nc, Frame 2
  14.5824   14.5824   14.5823    0.0000   % all_structures.nc, Frame 3
  20.7112   20.7112   20.7111    0.0000   % all_structures.nc, Frame 4
  55.5125   55.5125   55.5125    0.0000   % all_structures.nc, Frame 5
  61.5054   61.5054   61.5054    0.0000   % all_structures.nc, Frame 6
  25.5212   25.5212   25.5211    0.0000   % all_structures.nc, Frame 7
  17.3533   17.3534   17.3533    0.0000   % all_structures.nc, Frame 8
  23.3264   23.3264   23.3263    0.0001   % all_structures.nc, Frame 9
  81.1974   81.1975   81.1974   -0.0000   % all_structures.nc, Frame 10
  63.1902   63.1902   63.1902   -0.0000   % all_structures.nc, Frame 11
  15.9643   15.9643   15.9642    0.0000   % all_structures.nc, Frame 12
   9.3017    9.3017    9.3016    0.0001   % all_structures.nc, Frame 13
  13.6485   13.6485   13.6485    0.0001   % all_structures.nc, Frame 14
  36.2751   36.2751   36.2750    0.0001   % all_structures.nc, Frame 15
 139.1503  139.1502  139.1502    0.0002   % all_structures.nc, Frame 16
 169.2903  169.2902  169.2902    0.0001   % all_structures.nc, Frame 17
  46.0188   46.0187   46.0187    0.0000   % all_structures.nc, Frame 18
  18.1837   18.1837   18.1837    0.0000   % all_structures.nc, Frame 19
  11.6654   11.6654   11.6653    0.0000   % all_structures.nc, Frame 20
  14.8369   14.8369   14.8369    0.0001   % all_structures.nc, Frame 21
  49.9538   49.9537   49.9537    0.0002   % all_structures.nc, Frame 22
 148.6949  148.6949  148.6950   -0.0001   % all_structures.nc, Frame 23
  26.6933   26.6934   26.6934   -0.0001   % all_structures.nc, Frame 24
   2.5271    2.5272    2.5271   -0.0000   % all_structures.nc, Frame 25
  -0.9732   -0.9732   -0.9732    0.0000   % all_structures.nc, Frame 26
   1.1613    1.1614    1.1613    0.0000   % all_structures.nc, Frame 27
   9.0667    9.0667    9.0666    0.0000   % all_structures.nc, Frame 28
  36.8423   36.8423   36.8423    0.0000   % all_structures.nc, Frame 29
 134.6230  134.6230  134.6230   -0.0000   % all_structures.nc, Frame 30
  67.8594   67.8595   67.8595   -0.0001   % all_structures.nc, Frame 31
  18.6533   18.6534   18.6534   -0.0000   % all_structures.nc, Frame 32
   5.1309    5.1309    5.1309   -0.0000   % all_structures.nc, Frame 33
   1.0941    1.0941    1.0941   -0.0000   % all_structures.nc, Frame 34
   0.9991    0.9991    0.9991    0.0000   % all_structures.nc, Frame 35
   9.6845    9.6845    9.6844    0.0000   % all_structures.nc, Frame 36
  63.9787   63.9786   63.9785    0.0001   % all_structures.nc, Frame 37
  40.0356   40.0356   40.0358   -0.0002   % all_structures.nc, Frame 38
   3.6328    3.6328    3.6329   -0.0001   % all_structures.nc, Frame 39
  -5.9948   -5.9948   -5.9947   -0.0001   % all_structures.nc, Frame 40
  -7.2643   -7.2643   -7.2643   -0.0000   % all_structures.nc, Frame 41
  -5.8689   -5.8689   -5.8690    0.0000   % all_structures.nc, Frame 42
  -3.1365   -3.1365   -3.1366    0.0000   % all_structures.nc, Frame 43
   2.2123    2.2123    2.2122    0.0000   % all_structures.nc, Frame 44
  15.3463   15.3463   15.3463    0.0000   % all_structures.nc, Frame 45
  43.8700   43.8699   43.8699    0.0000   % all_structures.nc, Frame 46
  78.0299   78.0299   78.0299    0.0001   % all_structures.nc, Frame 47
  79.3963   79.3963   79.3963   -0.0000   % all_structures.nc, Frame 48
  45.7471   45.7471   45.7471   -0.0000   % all_structures.nc, Frame 49
  15.4145   15.4146   15.4146   -0.0001   % all_structures.nc, Frame 50
   1.1994    1.1994    1.1995   -0.0000   % all_structures.nc, Frame 51
  -3.4778   -3.4777   -3.4777   -0.0000   % all_structures.nc, Frame 52
  -5.0727   -5.0727   -5.0727   -0.0000   % all_structures.nc, Frame 53
  -5.8983   -5.8983   -5.8983   -0.0000   % all_structures.nc, Frame 54
  -5.6329   -5.6328   -5.6329    0.0000   % all_structures.nc, Frame 55
  -0.5620   -0.5620   -0.5620    0.0000   % all_structures.nc, Frame 56
  26.2919   26.2918   26.2918    0.0001   % all_structures.nc, Frame 57
 158.2850  158.2851  158.2851   -0.0000   % all_structures.nc, Frame 58
 190.9243  190.9241  190.9243    0.0000   % all_structures.nc, Frame 59
  -4.5282   -4.5282   -4.5280   -0.0001   % all_structures.nc, Frame 60
  -7.0942   -7.0942   -7.0941   -0.0001   % all_structures.nc, Frame 61
  -7.0775   -7.0775   -7.0775   -0.0001   % all_structures.nc, Frame 62
  -5.7555   -5.7555   -5.7555   -0.0000   % all_structures.nc, Frame 63
  -3.9773   -3.9773   -3.9774    0.0000   % all_structures.nc, Frame 64
  -2.0864   -2.0864   -2.0864    0.0000   % all_structures.nc, Frame 65
   0.0902    0.0901    0.0901    0.0000   % all_structures.nc, Frame 66
   3.1382    3.1382    3.1381    0.0000   % all_structures.nc, Frame 67
   6.7692    6.7691    6.7692    0.0000   % all_structures.nc, Frame 68
   8.1578    8.1578    8.1578    0.0000   % all_structures.nc, Frame 69
   5.0633    5.0633    5.0634   -0.0000   % all_structures.nc, Frame 70
  -0.0857   -0.0857   -0.0857   -0.0000   % all_structures.nc, Frame 71
  -3.8907   -3.8907   -3.8907   -0.0000   % all_structures.nc, Frame 72
  -5.3098   -5.3098   -5.3098   -0.0000   % all_structures.nc, Frame 73
  -5.1318   -5.1318   -5.1318   -0.0000   % all_structures.nc, Frame 74
  -5.0161   -5.0161   -5.0160   -0.0000   % all_structures.nc, Frame 75
  -5.4592   -5.4592   -5.4592   -0.0000   % all_structures.nc, Frame 76
  -6.1596   -6.1596   -6.1596    0.0000   % all_structures.nc, Frame 77
  -6.4624   -6.4624   -6.4624    0.0000   % all_structures.nc, Frame 78
  -3.3200   -3.3200   -3.3201    0.0001   % all_structures.nc, Frame 79
  14.3883   14.3883   14.3883    0.0000   % all_structures.nc, Frame 80
  47.5904   47.5904   47.5904    0.0000   % all_structures.nc, Frame 81
  18.5277   18.5277   18.5278   -0.0001   % all_structures.nc, Frame 82
   2.0309    2.0309    2.0310   -0.0001   % all_structures.nc, Frame 83
   4.3909    4.3909    4.3911   -0.0001   % all_structures.nc, Frame 84
   5.1958    5.1958    5.1959   -0.0001   % all_structures.nc, Frame 85
   6.5308    6.5308    6.5308   -0.0001   % all_structures.nc, Frame 86
   8.1384    8.1384    8.1385   -0.0000   % all_structures.nc, Frame 87
   9.6432    9.6432    9.6432    0.0000   % all_structures.nc, Frame 88
  10.7802   10.7802   10.7801    0.0000   % all_structures.nc, Frame 89
  11.4093   11.4093   11.4092    0.0000   % all_structures.nc, Frame 90
  11.5184   11.5184   11.5184    0.0000   % all_structures.nc, Frame 91
  11.0518   11.0518   11.0518   -0.0000   % all_structures.nc, Frame 92
   9.8707    9.8707    9.8707   -0.0000   % all_structures.nc, Frame 93
   8.1687    8.1686    8.1687   -0.0000   % all_structures.nc, Frame 94
   6.5905    6.5905    6.5905   -0.0000   % all_structures.nc, Frame 95
   5.8243    5.8243    5.8243   -0.0000   % all_structures.nc, Frame 96
   6.2162    6.2162    6.2163   -0.0000   % all_structures.nc, Frame 97
   7.3136    7.3136    7.3136   -0.0000   % all_structures.nc, Frame 98
   7.8410    7.8410    7.8411   -0.0000   % all_structures.nc, Frame 99
   7.4735    7.4735    7.4735   -0.0000   % all_structures.nc, Frame 100
   6.3543    6.3543    6.3542    0.0000   % all_structures.nc, Frame 101
   4.2778    4.2778    4.2777    0.0000   % all_structures.nc, Frame 102
   1.9027    1.9027    1.9027    0.0001   % all_structures.nc, Frame 103
   0.9303    0.9303    0.9303    0.0000   % all_structures.nc, Frame 104
   1.5567    1.5567    1.5567   -0.0000   % all_structures.nc, Frame 105
   2.7955    2.7955    2.7956   -0.0001   % all_structures.nc, Frame 106
   3.8305    3.8304    3.8306   -0.0001   % all_structures.nc, Frame 107
  31.7461   31.7460   31.7462   -0.0001   % all_structures.nc, Frame 108
