% Model accuracy report for fitting ordered by
% fit_input.in.
% Written on Wed Mar  1 17:21:05 2017

% System topology/fit.prmtop
data0 = [
% Target  Original    Model     Error
  -3.9568   -2.8188   -2.3710   -1.5858   % all_structures.nc, Frame 1
  -2.4865   -1.7618   -1.5886   -0.8978   % all_structures.nc, Frame 2
  -0.1863   -0.1406   -0.1038   -0.0825   % all_structures.nc, Frame 3
   2.8951    2.7052    2.7621    0.1330   % all_structures.nc, Frame 4
  -5.1391   -7.7151   -6.5334    1.3943   % all_structures.nc, Frame 5
   6.6292    6.3581    6.5086    0.1206   % all_structures.nc, Frame 6
  10.7585    9.3834    9.5833    1.1752   % all_structures.nc, Frame 7
   8.1171    9.0555    9.2060   -1.0889   % all_structures.nc, Frame 8
   4.9508    6.2248    6.2817   -1.3309   % all_structures.nc, Frame 9
   2.0714    3.0742    3.1110   -1.0396   % all_structures.nc, Frame 10
  -0.2295    0.7479    0.9211   -1.1506   % all_structures.nc, Frame 11
  -1.9186   -1.1443   -0.6964   -1.2222   % all_structures.nc, Frame 12
  -2.9651   -3.4227   -2.6638   -0.3012   % all_structures.nc, Frame 13
  -3.3614   -5.3171   -4.3179    0.9565   % all_structures.nc, Frame 14
  -3.7786   -5.3822   -4.2563    0.4777   % all_structures.nc, Frame 15
  -4.7170   -6.3753   -5.1993    0.4823   % all_structures.nc, Frame 16
  -4.7114   -6.4448   -5.2774    0.5660   % all_structures.nc, Frame 17
  -5.2854   -7.7041   -6.5281    1.2427   % all_structures.nc, Frame 18
  -5.4614   -8.6316   -7.4498    1.9884   % all_structures.nc, Frame 19
  -4.1318   -5.3058   -4.1385    0.0066   % all_structures.nc, Frame 20
  -3.5727   -4.8731   -3.7472    0.1745   % all_structures.nc, Frame 21
  -4.0405   -5.3449   -4.3457    0.3051   % all_structures.nc, Frame 22
  -4.4803   -4.2397   -3.4809   -0.9994   % all_structures.nc, Frame 23
  -6.5585   -3.3130   -3.8323   -2.7262   % all_structures.nc, Frame 24
  -2.6885    2.0450    0.7881   -3.4766   % all_structures.nc, Frame 25
  -3.0530    0.7807   -0.7509   -2.3021   % all_structures.nc, Frame 26
  -3.5526   -0.4658   -2.1337   -1.4189   % all_structures.nc, Frame 27
  -4.1066   -1.5039   -3.1517   -0.9549   % all_structures.nc, Frame 28
  -5.8721   -0.9170   -1.4399   -4.4321   % all_structures.nc, Frame 29
  -4.5990   -2.1604   -3.7146   -0.8844   % all_structures.nc, Frame 30
  -5.0891   -2.2046   -3.7094   -1.3797   % all_structures.nc, Frame 31
  -5.6186   -2.0618   -3.6160   -2.0026   % all_structures.nc, Frame 32
  -5.9370   -2.2868   -3.9347   -2.0024   % all_structures.nc, Frame 33
  -5.9877   -2.6139   -4.2818   -1.7058   % all_structures.nc, Frame 34
  -5.8436   -2.9112   -4.4428   -1.4008   % all_structures.nc, Frame 35
  -5.6360   -3.5123   -4.7691   -0.8669   % all_structures.nc, Frame 36
  -6.0951   -3.9896   -4.9355   -1.1597   % all_structures.nc, Frame 37
  -7.1732   -4.5338   -5.2393   -1.9339   % all_structures.nc, Frame 38
  -7.6690   -5.6690   -6.2478   -1.4212   % all_structures.nc, Frame 39
  -4.7051    1.8567    1.3280   -6.0330   % all_structures.nc, Frame 40
  -7.4337   -5.8938   -6.4311   -1.0026   % all_structures.nc, Frame 41
  -6.9869   -5.6072   -6.1359   -0.8510   % all_structures.nc, Frame 42
  -6.7971   -4.8269   -5.3498   -1.4473   % all_structures.nc, Frame 43
  -3.1107    4.2292    3.6919   -6.8026   % all_structures.nc, Frame 44
  -1.6623    4.5438    3.9651   -5.6274   % all_structures.nc, Frame 45
  -1.9017    3.8443    3.1388   -5.0405   % all_structures.nc, Frame 46
  -2.3674    3.1763    2.2305   -4.5978   % all_structures.nc, Frame 47
  -5.4907   -0.2403   -1.4027   -4.0880   % all_structures.nc, Frame 48
  -2.5677    2.5830    0.6831   -3.2508   % all_structures.nc, Frame 49
  -2.9963    1.2671   -0.9075   -2.0888   % all_structures.nc, Frame 50
  -3.6774    0.2526   -2.0584   -1.6191   % all_structures.nc, Frame 51
  -4.4673   -0.4137   -2.7046   -1.7627   % all_structures.nc, Frame 52
  -4.4477    2.3245    1.1585   -5.6062   % all_structures.nc, Frame 53
  -5.1443   -0.9192   -3.1165   -2.0278   % all_structures.nc, Frame 54
  -5.5672   -1.1241   -3.2720   -2.2953   % all_structures.nc, Frame 55
  -5.8788   -0.9333   -3.1305   -2.7483   % all_structures.nc, Frame 56
  -5.9754   -1.0937   -3.3845   -2.5909   % all_structures.nc, Frame 57
  -5.7974   -1.2000   -3.5109   -2.2865   % all_structures.nc, Frame 58
  -5.4246   -1.2153   -3.3899   -2.0347   % all_structures.nc, Frame 59
  -4.9365   -1.2590   -3.1589   -1.7776   % all_structures.nc, Frame 60
  -4.6027   -1.7599   -3.3488   -1.2539   % all_structures.nc, Frame 61
  -4.8590   -2.0747   -3.4232   -1.4358   % all_structures.nc, Frame 62
  -5.3064   -2.6347   -3.8564   -1.4500   % all_structures.nc, Frame 63
  -2.9372    5.1212    3.9494   -6.8866   % all_structures.nc, Frame 64
  -5.6835   -2.8061   -3.9864   -1.6971   % all_structures.nc, Frame 65
  -5.9995   -2.5219   -3.6936   -2.3059   % all_structures.nc, Frame 66
  -5.9722   -1.8492   -3.0152   -2.9571   % all_structures.nc, Frame 67
  -1.1926    6.8990    5.7187   -6.9113   % all_structures.nc, Frame 68
  -1.1691    5.8467    4.6249   -5.7940   % all_structures.nc, Frame 69
  -1.9045    4.9621    3.6136   -5.5181   % all_structures.nc, Frame 70
  -2.2762    3.9162    2.3274   -4.6035   % all_structures.nc, Frame 71
  -4.7930    1.4142    0.1517   -4.9447   % all_structures.nc, Frame 72
  -3.0489    1.5078   -0.4923   -2.5566   % all_structures.nc, Frame 73
  -3.8978    0.7861   -1.4887   -2.4091   % all_structures.nc, Frame 74
  -5.0497   -0.0298   -2.4409   -2.6087   % all_structures.nc, Frame 75
  -6.1136   -0.9450   -3.3361   -2.7775   % all_structures.nc, Frame 76
  -3.4184    4.3234    3.0573   -6.4756   % all_structures.nc, Frame 77
  -6.7683   -1.8040   -4.1015   -2.6668   % all_structures.nc, Frame 78
  -6.9029   -1.9175   -4.1655   -2.7373   % all_structures.nc, Frame 79
  -6.8067   -1.3703   -3.6677   -3.1389   % all_structures.nc, Frame 80
  -6.5717   -1.3195   -3.7105   -2.8612   % all_structures.nc, Frame 81
  -6.1220   -1.2641   -3.6752   -2.4468   % all_structures.nc, Frame 82
  -5.4932   -0.9970   -3.2718   -2.2214   % all_structures.nc, Frame 83
  -4.7531   -0.7225   -2.7226   -2.0306   % all_structures.nc, Frame 84
  -4.1254   -0.8586   -2.5476   -1.5778   % all_structures.nc, Frame 85
  -4.0580   -1.2044   -2.6531   -1.4049   % all_structures.nc, Frame 86
  -4.6056   -1.4910   -2.8130   -1.7926   % all_structures.nc, Frame 87
  -1.5776    7.2505    5.9785   -7.5561   % all_structures.nc, Frame 88
  -5.3143   -1.6202   -2.9007   -2.4136   % all_structures.nc, Frame 89
  -5.7274   -1.4872   -2.7591   -2.9683   % all_structures.nc, Frame 90
  -5.5685   -0.5735   -1.8396   -3.7289   % all_structures.nc, Frame 91
  -1.3095    6.2809    5.0004   -6.3099   % all_structures.nc, Frame 92
  -2.0871    4.6056    3.2836   -5.3707   % all_structures.nc, Frame 93
  -2.4768    3.6836    2.2349   -4.7117   % all_structures.nc, Frame 94
  -2.6985    2.7289    1.0399   -3.7384   % all_structures.nc, Frame 95
  -5.7080   -9.5973   -8.1597    2.4517   % all_structures.nc, Frame 96
  -1.7741   -1.4547   -0.7546   -1.0194   % all_structures.nc, Frame 97
   0.5203    0.1337    0.5591   -0.0388   % all_structures.nc, Frame 98
   3.2675    2.6251    2.9141    0.3534   % all_structures.nc, Frame 99
   6.4071    5.7371    6.0461    0.3609   % all_structures.nc, Frame 100
  -5.3327   -8.2066   -6.7726    1.4399   % all_structures.nc, Frame 101
   8.5089    6.8471    7.2498    1.2591   % all_structures.nc, Frame 102
   6.4556    6.4911    6.9431   -0.4876   % all_structures.nc, Frame 103
   3.4283    4.5498    4.9525   -1.5242   % all_structures.nc, Frame 104
   0.5644    1.6537    1.9628   -1.3984   % all_structures.nc, Frame 105
  -1.6674   -0.7188   -0.4298   -1.2376   % all_structures.nc, Frame 106
  -3.0721   -2.4220   -1.9966   -1.0755   % all_structures.nc, Frame 107
  -3.6232   -4.4930   -3.7929    0.1697   % all_structures.nc, Frame 108
